[gd_scene load_steps=10 format=2]

[ext_resource path="res://ships/nix/nix_ship.glb" type="PackedScene" id=1]
[ext_resource path="res://images/danger_high_voltage-mapanganib_makukuryente.png" type="Texture" id=2]
[ext_resource path="res://addons/decals/decal.gd" type="Script" id=3]
[ext_resource path="res://addons/decals/decal.shader" type="Shader" id=4]
[ext_resource path="res://ships/nix/door-small.tscn" type="PackedScene" id=5]
[ext_resource path="res://ships/nix/DirectoryArea.gd" type="Script" id=6]

[sub_resource type="BoxShape" id=1]
extents = Vector3( 7.56748, 3.17913, 5.88099 )

[sub_resource type="ShaderMaterial" id=2]
shader = ExtResource( 4 )
shader_param/offset = null
shader_param/scale = Vector2( 1.001, 1.001 )
shader_param/emulate_lighting = null
shader_param/brightness = null
shader_param/decal = ExtResource( 2 )

[sub_resource type="CubeMesh" id=3]
material = SubResource( 2 )

[node name="nix_ship" instance=ExtResource( 1 )]
transform = Transform( 1, 0, 0, 0, 1, 0, 0, 0, 1, 0, 0.95118, 0 )

[node name="Area" type="Area" parent="home" index="0"]
collision_layer = 4
collision_mask = 3
script = ExtResource( 6 )
path = "/home/leroy"

[node name="CollisionShape" type="CollisionShape" parent="home/Area" index="0"]
transform = Transform( 0.707107, 0, -0.707107, 0, 1, 0, 0.707107, 0, 0.707107, 26.4975, 2.24379, -10.328 )
shape = SubResource( 1 )

[node name="Decal" type="MeshInstance" parent="ladder" index="0"]
transform = Transform( 0.0308378, 0, -0.199619, 0, 0.647, 0, 0.499048, 0, 0.0123351, 0.278577, 1.39916, -2.47926 )
mesh = SubResource( 3 )
material/0 = null
script = ExtResource( 3 )
decal = ExtResource( 2 )
uv_scale = Vector2( 1.001, 1.001 )

[node name="door-small" parent="." index="11" instance=ExtResource( 5 )]
transform = Transform( 1, 0, 0, 0, 1, 0, 0, 0, 1, 10.9302, 1.22436, -0.270265 )

[node name="door-small2" parent="." index="12" instance=ExtResource( 5 )]
transform = Transform( 0.707107, 0, 0.707107, 0, 1, 0, -0.707107, 0, 0.707107, 21.241, 1.22436, -15.7092 )

[node name="door-small3" parent="." index="13" instance=ExtResource( 5 )]
transform = Transform( 0.707107, 0, 0.707107, 0, 1, 0, -0.707107, 0, 0.707107, -9.20343, 1.22436, -14.0063 )

[node name="door-small4" parent="." index="14" instance=ExtResource( 5 )]
transform = Transform( -0.707107, 0, 0.707107, 0, 1, 0, -0.707107, 0, -0.707107, 11.4048, 1.22436, -11.2899 )

[node name="door-small5" parent="." index="15" instance=ExtResource( 5 )]
transform = Transform( -1, 0, -8.74228e-08, 0, 1, 0, 8.74228e-08, 0, -1, 3.55698, 1.22436, -16.6987 )
